4.0,10.5,58.8,14.0,51.9,85.1,46.5,9.5,False
88.7,31.2,15.3,65.3,53.5,78.7,77.3,24.4,30.1,16.1,65.1,81.2,61.5,76.4,55.0,10.8,22.7,50.4,False
14.7,13.3,21.8,82.7,63.7,39.9,34.9,False
37.9,1.3,43.5,30.3,9.8,4.8,34.4,85.1,84.2,4.8,10.8,False
17.6,63.3,14.2,54.2,57.2,78.0,28.3,32.6,False
3.8,3.1,29.2,34.7,32.2,84.8,61.8,66.9,38.5,False
25.4,18.6,42.7,39.4,23.1,76.7,75.9,55.2,76.4,27.0,81.4,60.9,False
11.8,30.8,86.7,41.4,89.2,57.7,False
75.7,11.5,2.3,11.7,34.0,88.2,14.3,85.7,67.7,12.236775902372987
62.6,18.2,45.6,53.2,75.5,0.9,False
23.8,81.2,67.5,71.4,22.8,42.0,5.5,32.8,33.0,87.2,17.4,3.9,35.5,43.4,62.7,9.1,False
56.0,13.9,16.3,30.9,5.3,24.9,62.4,False
77.6,66.3,54.4,63.1,15.2,42.9,26.4,29.9,21.7,17.5,8.0,80.2,44.2,52.9,59.5,86.8,69.0,1.0,1.0,False
81.8,32.1,56.7,90.0,9.0,32.6,87.2,61.6,74.7,34.0,18.4,56.2,5.1,81.1,35.2,65.8,41.1,59.7,17.7,44.3,False
64.0,13.8,25.8,54.7,19.0,58.8,3.1,44.4,19.5,52.0,4.3,23.9,65.5,88.6,45.5,9.5,54.5,54.1,72.6,False
54.9,45.3,77.8,89.1,41.8,75.0,53.1,17.6,83.8,45.7,9.2,73.3,46.7,False
17.7,18.3,30.8,35.2,80.0,63.8,False
17.1,55.1,72.1,14.1,32.2,29.7,82.6,79.8,56.2,76.6,5.6,35.1,88.7,26.1,18.7,26.0,26.8,12.8,34.0,False
75.5,50.6,63.9,42.7,21.0,67.2,False
70.8,27.2,68.8,19.3,64.1,8.7,51.6,37.7,80.2,5.7,75.0,9.5,45.3,60.5,27.9,False
59.1,3.5,38.1,48.1,69.8,89.0,82.3,4.0,22.3,False
58.1,8.6,56.6,81.3,29.3,83.1,55.1,60.1,11.8,52.5,77.5,57.3,31.6,False
37.0,78.5,28.6,20.3,41.9,3.3,78.8,35.2,47.5,False
4.8,39.1,72.9,19.0,79.8,71.9,34.9,64.7,87.0,False
40.7,43.0,71.2,88.9,66.4,81.9,44.5,75.2,False
65.4,40.0,1.7,62.0,11.7,11.1,81.4,60.4,62.0,52.2,19.0,57.2,22.9,False
33.5,76.5,80.2,10.1,36.0,70.4,29.9,17.6,12.8,60.4,13.5,75.7,84.1,7.3,False
43.9,50.0,48.8,3.5,76.5,72.1,73.1,3.0,67.2,61.2,False
88.5,11.4,63.0,12.5,67.9,50.9,False
81.9,37.6,12.3,76.3,71.7,8.4,4.8,18.7,False
27.2,31.3,48.5,26.1,17.1,74.1,30.6,18.0,2.1,60.3,53.6,36.4,69.1,False
73.4,13.0,39.0,28.1,71.9,18.5,44.6,0.2,82.6,52.6,57.9,2.2,59.7,False
57.7,68.4,40.3,88.8,57.8,24.3,45.8,61.8,False
35.1,80.9,14.4,70.9,45.0,10.3,7.6,87.3,False
12.7,77.2,29.0,63.2,32.6,70.4,22.9,0.2,3.1,27.0,38.7,85.9,58.2,14.8,14.3,13.2,50.4,False
19.9,54.9,68.7,44.8,4.7,11.6,84.4,3.9,37.2,False
37.6,89.7,79.9,75.0,55.3,76.5,79.5,72.6,78.4,84.5,35.8,59.9,65.8,57.5,21.1,False
23.0,22.7,66.9,66.0,0.0,57.6,84.7,76.6,False
32.4,2.7,58.0,72.5,17.3,68.8,28.6,33.2,55.4,52.6,3.5,37.1,53.8,30.6,71.7,25.4,31.8,24.8,False
78.0,50.0,79.1,11.1,23.6,76.0,78.6,61.7,27.1,61.3,57.5,70.1,5.0,3.3,False
22.8,73.8,21.5,0.0,61.0,15.7,7.1,26.7,10.3,4.8,17.6,71.7,59.3,82.2,85.2,40.6,58.2,32.7,28.8,88.7,8.153793359079076
43.4,81.6,34.3,86.5,28.8,7.1,1.5,61.9,88.0,False
88.5,33.8,56.5,7.7,87.9,3.8,31.7,53.9,40.1,70.9,23.3,68.7,6.3,6.0,4.3,19.3,69.5,False
20.6,89.4,37.3,66.3,4.7,59.7,69.5,82.3,77.2,3.6,7.199767802215593
8.6,5.6,54.8,12.4,22.3,19.1,37.9,2.7,74.5,87.3,9.7953190112431
26.4,68.9,78.7,17.7,4.3,64.7,75.3,28.2,82.2,9.4,27.6,False
41.3,88.7,35.2,22.2,29.0,86.9,28.2,5.6,16.7,28.1,21.6,31.5,65.2,58.5,56.3,False
76.9,56.4,16.5,85.1,34.6,74.0,62.9,58.4,77.6,77.0,55.3,4.8,7.0,48.9,11.5,22.7,71.0,36.1,False
13.8,77.1,87.0,8.8,5.9,46.2,81.7,False
88.3,47.2,47.1,42.6,35.8,8.4,1.2,41.3,False
83.0,32.5,25.0,57.3,25.7,66.8,34.6,42.1,31.5,False
88.7,57.8,16.6,89.0,50.5,29.1,45.0,42.5,87.0,False
47.6,10.6,38.9,42.9,54.0,64.6,11.2,30.4,34.3,19.4,86.4,5.7,7.5,75.8,29.8,38.4,11.0,46.2,78.1,False
52.3,56.7,64.4,22.7,83.1,52.3,False
48.3,86.7,13.5,80.9,56.0,4.3,51.4,68.1,72.3,83.7,72.1,3.3,51.2,55.6,4.1,7.8,12.1,False
82.9,50.2,30.8,59.1,12.1,18.0,88.8,54.4,76.7,False
81.0,36.3,16.1,49.9,1.6,83.0,52.9,33.8,20.8,False
30.4,1.4,46.2,7.6,47.6,44.8,29.0,42.9,26.9,44.7,False
48.9,52.2,85.7,0.2,2.0,40.8,79.2,74.5,85.5,82.2,1.5,17.6,23.7,False
35.9,67.5,22.1,1.6,58.2,2.7,60.3,77.0,73.5,86.7,81.4,3.9,23.1,11.5,57.3,79.0,45.8,27.5,False
69.5,32.0,74.1,20.4,49.7,89.7,42.1,63.7,49.3,25.3,False
28.8,73.9,22.5,20.5,11.6,67.3,6.9,41.2,58.7,41.9,77.9,False
68.8,89.1,8.8,88.2,17.6,67.7,17.2,6.5,36.3,64.0,75.7,44.2,45.1,51.8,47.0,False
2.0,16.1,29.0,10.9,51.7,37.0,57.8,7.5,71.5,2.6,89.9,80.0,72.1,4.6,58.9,80.1,10.057076954841257
60.2,5.3,21.4,40.8,1.4,24.4,86.1,32.1,18.8,0.2,54.8,88.2,68.3,65.4,49.9,20.3,34.5,39.2,42.5,10.057076954841257
66.9,10.2,31.7,31.2,1.3,16.6,15.0,False
27.2,24.4,31.6,5.1,85.6,52.6,74.9,46.4,25.6,21.6,0.5,81.8,32.9,68.9,32.8,36.8,2.9,False
3.2,27.2,40.0,59.7,37.5,55.4,False
67.1,14.7,50.0,63.7,80.2,39.5,74.9,False
18.3,4.8,84.4,58.6,49.7,2.6,False
80.5,3.4,84.7,12.8,38.6,50.8,70.1,False
67.4,85.0,28.3,82.1,13.3,77.8,27.7,57.5,76.9,66.3,78.9,18.5,37.9,24.9,72.8,35.4,72.2,15.7,72.3,14.6,False
38.5,68.3,43.3,6.7,77.7,36.7,36.6,65.0,24.7,16.7,55.5,87.1,16.7,72.7,68.7,51.9,False
61.5,21.6,80.6,37.3,7.4,82.3,60.8,74.2,67.7,55.6,20.6,49.3,30.7,False
68.5,55.4,24.0,28.9,16.7,75.0,75.4,25.7,41.0,False
82.6,52.2,49.5,23.3,21.4,21.1,42.3,4.0,73.5,24.7,44.2,50.7,24.1,26.6,31.0,76.0,72.5,22.5,9.9,False
16.0,15.7,84.0,83.9,77.0,31.7,82.8,43.7,52.0,67.0,62.1,35.8,70.6,89.5,44.8,45.2,32.8,False
52.7,46.6,13.2,16.5,65.8,6.0,68.8,17.8,31.3,87.4,87.9,False
2.4,52.8,15.8,59.9,65.1,66.9,58.3,55.7,36.3,79.8,False
88.6,42.1,6.5,52.6,8.4,70.1,24.7,71.9,75.8,43.1,False
59.9,53.4,57.9,89.6,39.9,77.9,15.0,59.2,0.3,85.4,45.9,False
64.5,9.3,19.9,10.7,24.3,68.0,77.0,67.2,False
63.0,18.1,14.7,64.5,59.3,False
60.3,37.8,6.5,15.5,12.0,77.7,57.5,82.9,52.4,2.0,65.6,26.9,False
40.6,67.2,79.4,33.0,42.7,20.8,32.0,43.2,78.5,59.4,0.3,3.8,88.9,65.9,33.9,86.9,35.2,False
25.1,70.6,34.4,44.8,21.3,83.9,69.9,33.8,33.6,7.0,16.4,57.6,False
48.8,41.0,6.5,26.6,23.9,73.6,False
62.1,43.6,27.2,0.2,71.9,68.4,6.2,11.6,13.2,11.7,23.5,86.1,17.2,48.9,40.4,46.4,35.9,85.9,False
85.6,53.2,8.8,77.3,25.0,26.7,20.9,50.7,41.6,52.8,82.4,39.3,9.9,False
50.2,71.1,71.5,43.3,34.2,62.9,43.0,False
58.2,20.6,21.8,73.5,20.4,40.3,49.8,8.3,84.7,60.6,30.8,68.1,78.1,21.8,53.2,56.4,2.2,63.5,False
17.7,54.6,48.9,20.8,62.5,13.5,72.7,57.1,67.8,59.0,3.0,1.7,22.9,2.8,False
85.1,78.3,55.4,41.6,6.3,70.6,False
33.2,58.1,21.7,8.5,31.9,False
28.3,17.8,15.1,41.1,60.8,11.9,25.2,23.0,9.3,False
49.4,59.9,37.7,73.3,72.1,39.4,81.6,58.9,7.8,65.2,70.2,26.8,65.0,1.0,50.7,57.2,70.4,16.8,21.4,80.8,False
53.9,71.7,47.5,28.8,49.9,43.9,52.0,30.9,11.0,67.6,75.0,75.8,78.5,5.9,71.7,58.6,87.3,18.8,83.9,66.6,False
0.6,56.7,45.1,1.4,42.9,14.1,80.4,3.5,31.5,8.4,1.5,18.5,0.5,85.5,False
80.3,44.5,22.1,85.6,29.6,27.9,86.9,87.6,85.3,41.1,76.6,85.1,69.0,88.7,73.1,88.1,27.5,14.2,False
53.3,14.9,2.4,27.3,7.0,29.7,61.6,27.4,69.5,59.2,73.4,False
77.9,10.5,83.5,68.4,42.8,86.8,88.4,36.9,24.8,3.7,59.2,49.9,50.3,56.4,19.1,False
4.9,48.4,10.4,64.1,4.3,54.2,32.2,False
77.8,17.2,15.1,55.8,58.0,0.5,17.4,28.4,11.8,74.0,88.7,74.5,75.6,20.3,30.3,1.2,False
67.3,11.5,49.5,45.8,42.6,67.1,40.7,10.6,50.2,22.4,False
48.8,9.3,52.8,23.7,68.3,20.1,80.6,25.6,False
32.5,68.9,24.2,76.4,30.7,38.0,66.4,57.7,34.6,25.8,74.7,18.0,9.1,34.8,27.0,42.6,72.7,False
35.2,40.1,64.4,45.1,7.8,68.2,86.4,69.7,False
21.1,65.0,6.1,55.5,29.7,False
19.6,86.7,88.5,77.3,63.1,False
4.5,0.6,73.0,66.1,24.4,37.8,2.9,False
64.5,25.7,71.1,85.7,2.5,45.3,75.5,7.2,77.5,61.1,46.1,80.1,False
35.5,45.2,82.8,28.4,60.4,44.9,13.3,79.5,38.1,28.6,55.3,9.5,2.4,30.6,False
81.5,69.0,73.4,30.3,83.4,30.0,28.0,85.4,83.9,10.5,52.9,74.5,False
12.4,9.2,27.3,31.2,73.1,54.0,59.1,45.5,False
37.7,54.1,82.9,79.7,50.1,26.3,87.2,15.7,76.1,0.1,14.7,35.9,15.7,8.4,77.8,15.7,86.7,21.0,7.4,False
88.9,17.8,7.5,60.5,84.0,67.1,28.9,1.3,24.1,26.4,38.5,61.5,84.1,7.819749984608027
31.3,19.3,37.5,3.7,70.0,False
88.3,68.2,24.5,52.8,59.8,False
86.8,0.7,39.6,15.4,76.5,33.0,51.7,85.7,81.3,19.8,46.6,22.4,85.8,73.1,87.5,85.8,81.6,49.6,False
43.2,41.9,14.4,67.1,58.4,68.3,82.9,41.1,5.7,51.6,20.7,83.4,44.7,0.7,False
70.4,28.1,51.8,8.7,40.0,5.5,False
88.4,10.0,11.4,62.8,15.1,7.9,False
4.2,2.5,76.6,64.9,1.1,16.5,31.5,72.3,23.6,71.2,37.2,83.6,81.9,45.9,34.1,60.6,26.5,1.8,21.6,75.3,11.566847547443153
59.3,34.0,72.9,9.6,46.1,False
43.5,4.3,55.7,85.7,53.1,74.9,44.2,1.5,49.0,34.1,False
43.6,74.2,69.0,88.1,4.5,70.6,61.5,46.4,False
53.9,54.3,39.5,74.9,60.9,83.5,22.7,False
35.0,58.5,3.7,55.3,45.1,73.2,78.0,68.0,58.0,75.6,74.1,8.6,37.7,44.4,75.1,26.5,8.1,48.3,37.5,False
4.7,54.8,53.5,11.3,53.2,32.4,False
79.3,54.9,70.8,24.7,59.7,52.2,50.1,56.6,80.6,30.3,53.1,88.5,1.0,81.1,20.0,36.5,85.1,False
37.7,66.0,9.5,69.3,12.9,66.7,12.6,46.0,16.5,79.5,70.2,5.0,82.4,2.1,12.7,3.5,88.8,13.1,False
50.8,14.3,46.5,77.7,77.8,84.5,86.2,45.1,49.8,36.4,15.2,74.7,18.2,58.4,23.9,15.5,56.5,60.0,False
41.9,4.0,12.0,13.7,35.7,60.7,False
75.6,38.0,51.0,75.8,87.5,82.4,6.9,49.3,34.2,63.1,81.3,78.4,21.7,74.8,16.8,21.6,52.9,9.5,False
4.7,52.0,36.6,58.5,76.6,False
33.6,78.7,61.3,73.2,38.7,0.6,10.8,16.9,1.4,8.9,48.2,84.2,64.0,False
22.9,67.8,59.0,24.1,50.8,24.2,68.1,38.3,25.3,25.0,72.5,False
4.1,34.4,55.9,24.4,38.9,69.5,64.4,29.5,53.9,3.6,35.6,66.1,85.6,7.410846277557862
70.4,61.4,20.2,65.8,58.7,27.4,79.0,60.6,68.4,27.0,83.0,12.5,7.7,52.4,68.1,85.3,False
36.2,0.6,79.6,86.5,66.5,51.1,67.1,60.1,68.7,19.8,34.4,75.1,19.2,32.1,False
28.6,78.4,43.9,6.7,18.0,49.5,56.4,45.0,60.3,33.5,56.0,28.8,31.4,26.4,61.8,12.0,51.5,58.6,40.2,False
65.4,5.9,66.0,3.9,10.2,43.2,5.6,80.0,7.6,44.5,75.6,49.1,85.0,0.0,73.9,19.4,8.4,61.4,67.3,3.8,False
45.7,19.3,52.9,10.5,22.3,35.6,33.7,6.9,7.8,73.0,16.4,69.0,32.7,17.5,22.7,12.3,39.9,False
64.8,43.9,66.4,37.4,15.7,48.0,6.8,33.9,31.4,42.5,42.4,3.5,80.2,81.4,36.4,19.5,19.7,76.7,13.0,83.5,False
7.6,62.0,73.1,89.9,61.5,59.1,70.2,52.2,72.6,51.2,7.0,58.6,64.8,2.4,50.0,3.4,8.2,3.5,False
3.6,78.4,4.2,81.2,54.5,False
82.9,25.1,32.6,13.2,87.8,False
89.4,46.5,8.6,57.2,71.9,83.4,37.5,44.2,78.9,26.7,71.8,False
81.4,35.4,35.0,15.3,78.9,76.4,16.0,11.4,73.1,8.0,79.8,89.6,3.4,False
18.6,85.6,68.7,34.0,37.5,38.9,74.8,15.1,7.6,12.0,56.2,35.2,68.1,10.1,60.8,49.4,16.1,False
6.6,45.3,89.9,19.1,59.3,67.6,36.2,46.2,87.3,76.4,53.0,81.3,56.7,9.0,53.8,1.0,False
41.9,65.6,44.8,79.2,32.8,64.1,66.2,27.7,22.9,49.1,43.6,8.3,5.8,40.7,23.7,82.0,False
83.0,48.1,71.0,89.5,26.3,1.1,87.9,False
41.6,88.5,52.1,16.4,45.3,47.2,71.5,67.0,35.4,18.8,73.8,61.3,77.8,63.8,71.2,23.6,81.5,36.3,18.4,False
37.9,81.5,35.6,29.3,89.3,43.9,16.1,5.7,20.1,65.3,15.6,64.4,47.0,88.0,81.3,65.7,14.0,11.2,67.7,False
62.2,31.3,60.4,21.8,39.9,False
25.0,19.1,66.9,47.3,8.0,80.0,72.8,5.2,False
50.2,52.8,22.8,17.1,1.4,31.0,65.7,46.9,60.2,3.2,9.4,14.2,False
72.6,5.5,9.5,70.2,58.7,16.5,20.3,6.5,21.0,13.8,79.5,68.6,18.8,87.0,28.9,62.8,57.2,25.6,81.7,False
44.6,31.1,12.9,81.3,84.2,66.2,60.9,86.5,74.5,0.2,18.6,30.4,False
35.2,36.6,61.4,37.8,27.9,21.3,False
75.0,36.8,29.1,39.0,33.3,38.6,72.6,34.1,36.8,74.1,2.9,67.6,17.7,62.6,False
41.5,82.6,18.2,76.1,82.5,45.6,23.9,22.1,20.8,85.2,49.0,False
73.6,50.3,57.5,25.0,29.3,4.3,25.4,56.8,7.7,1.9,64.0,47.9,45.5,83.7,26.8,49.6,False
87.3,41.0,12.7,33.9,0.0,False
68.8,19.5,41.9,28.8,10.6,51.1,14.6,8.2,43.8,74.4,66.5,89.0,73.8,69.4,49.1,63.7,63.3,82.4,5.8,27.4,False
18.6,60.4,30.5,88.9,18.8,64.3,21.7,23.6,44.1,36.2,28.2,73.6,False
78.8,5.4,77.4,65.5,14.8,5.7,83.2,83.8,20.1,63.6,69.0,84.7,43.0,70.3,9.197303439057546
23.6,67.8,20.4,28.0,62.6,45.7,50.1,49.2,11.3,30.0,81.9,76.8,False
74.7,89.8,38.1,38.3,15.4,18.7,80.6,43.7,76.3,87.9,67.5,0.1,34.3,45.8,88.6,86.9,51.5,4.1,65.9,False
70.5,0.0,66.4,15.8,0.1,10.9,9.4,28.6,46.2,66.1,35.4,22.9,18.9,0.2,9.1,20.4,25.4,30.7,69.2,False
79.7,87.6,37.3,69.9,42.9,27.9,28.2,90.0,51.6,False
49.9,25.9,16.0,82.9,12.4,74.6,23.3,22.3,38.1,4.4,9.2,52.0,87.5,10.2,False
44.6,71.2,34.1,36.6,68.1,61.4,20.7,24.9,41.5,4.2,72.9,52.7,86.5,63.0,False
72.8,9.4,67.0,83.9,16.2,9.5,6.9,26.1,77.8,24.5,87.1,3.1,82.7,64.8,15.0,27.7,False
27.1,17.5,88.4,46.8,84.2,False
73.6,81.0,29.1,0.9,64.5,78.6,29.5,21.9,26.9,49.3,65.9,21.7,89.9,75.0,False
84.1,42.9,37.6,45.1,46.3,False
71.1,58.3,28.1,50.2,26.5,66.6,72.7,False
69.0,64.7,15.4,78.7,46.2,83.5,2.8,77.1,8.6,False
37.6,48.3,2.5,60.2,43.8,16.7,43.0,15.1,42.8,86.7,False
64.6,50.7,1.7,37.8,41.1,2.4,22.7,0.9,40.7,37.9,False
46.8,86.4,47.9,74.7,50.5,33.1,43.7,False
0.6,6.9,34.2,5.0,7.5,88.1,9.5,10.9,14.4,11.4,7.1,11.3,23.8,76.1,82.5,4.3,13.9,13.7,40.8,False
81.0,70.2,76.2,57.9,84.6,False
1.4,6.2,12.2,59.2,56.3,9.9,61.5,51.3,86.0,14.299586802483883
30.3,45.6,84.3,39.7,31.5,81.6,8.3,79.6,33.5,False
78.3,60.7,3.8,43.6,60.7,36.7,82.3,38.6,0.5,False
20.7,66.3,10.4,72.0,86.6,3.2,88.7,45.2,False
87.2,39.9,62.6,80.2,56.3,64.0,58.3,19.5,1.0,63.5,89.5,61.8,86.7,False
58.1,37.3,30.7,2.4,58.7,88.5,19.5,17.7,22.8,False
65.4,5.4,54.0,35.1,12.2,43.2,28.3,82.9,53.1,34.4,36.3,76.7,15.7,70.6,False
69.6,2.4,17.2,81.2,65.2,1.0,48.7,24.1,41.9,42.4,34.6,False
0.8,30.0,46.7,25.6,69.5,17.0,11.8,14.8,50.9,9.9,23.1,7.2,47.9,35.2,False
8.7,52.2,78.1,71.4,21.6,50.2,False
79.2,86.1,2.2,26.6,47.7,49.7,16.6,71.3,12.1,82.8,67.7,77.4,27.4,52.9,False
8.7,56.9,59.7,3.9,55.8,76.7,False
69.3,10.0,33.2,30.0,84.6,40.0,62.0,53.9,61.1,13.0,5.6,35.9,40.9,50.7,23.4,False
59.4,52.2,88.2,69.7,87.9,30.4,29.6,60.6,7.7,43.7,2.4,43.5,False
11.7,17.7,84.4,68.3,19.6,16.8,82.3,83.5,12.967583798419126
55.1,66.7,9.3,48.3,21.6,54.6,71.7,81.6,False
45.7,75.4,14.0,0.2,41.7,57.6,7.0,False
38.8,70.4,62.6,22.2,40.9,37.5,18.5,32.7,49.4,85.3,11.2,57.6,21.3,33.8,31.1,False
41.7,87.1,21.5,60.3,39.6,8.8,65.0,79.0,16.2,31.7,46.8,58.1,7.0,False
66.0,26.8,61.3,47.9,68.1,11.8,20.8,False
14.2,29.1,80.9,15.5,62.3,59.4,60.4,23.9,80.7,11.8,44.2,54.7,48.6,44.7,36.1,36.7,22.0,30.0,5.4,73.7,False
9.1,80.8,50.4,25.6,37.9,19.3,False
86.3,63.4,55.8,19.3,28.6,46.2,72.8,82.4,69.5,24.1,36.5,5.6,18.5,82.3,41.0,34.9,13.9,42.4,False
21.2,80.8,24.6,25.8,38.0,6.3,37.1,79.5,5.0,38.4,30.4,80.0,24.4,40.0,False
27.6,17.3,46.1,24.9,26.0,2.3,62.0,43.7,57.2,88.0,83.6,89.9,55.1,13.7,58.2,45.8,36.5,73.2,False
88.1,83.8,61.7,37.5,17.7,12.9,81.5,56.8,67.7,44.0,39.1,34.1,12.1,55.6,32.6,54.6,23.7,78.9,False
16.3,50.4,49.3,37.1,57.4,27.9,44.5,6.5,72.1,65.7,36.9,82.7,84.0,6.7,39.3,42.0,82.2,56.0,69.8,False
11.9,34.6,35.6,84.3,89.7,18.1,53.8,71.4,34.2,22.5,False
34.5,57.0,47.5,56.9,24.7,38.8,46.6,4.3,9.6,63.2,6.3,9.4,81.1,False
51.4,45.2,27.4,62.9,13.6,40.4,88.7,43.9,50.5,67.1,False
14.8,55.0,37.4,39.3,64.1,63.2,62.3,49.5,16.5,2.4,25.7,36.4,39.9,14.6,3.1,35.6,51.6,False
55.2,5.5,25.1,44.5,53.5,38.3,63.0,26.4,8.5,20.6,72.1,50.5,80.6,6.4,70.5,False
9.8,73.8,9.2,55.0,35.6,0.0,34.0,49.9,64.6,28.3,25.7,8.7,77.6,48.3,10.4,4.8,37.0,73.8,False
61.5,46.6,60.3,1.5,89.1,66.4,37.6,54.6,41.7,67.5,56.1,11.8,19.2,56.0,54.8,4.7,19.4,26.3,86.6,24.5,False
61.5,65.3,70.0,25.1,12.6,54.2,38.9,50.3,10.1,67.2,13.4,6.8,11.1,8.9,False
39.6,72.2,10.1,78.7,88.0,35.5,82.4,72.5,8.4,16.5,False
42.8,22.7,43.5,81.1,68.6,40.4,False
30.2,90.0,71.4,80.4,66.4,76.5,12.1,88.8,4.3,31.6,0.2,42.6,4.9,False
47.1,26.3,55.1,37.2,16.1,7.9,False
19.6,69.2,82.9,61.5,8.6,6.2,11.4,16.1,6.7,False
88.7,63.0,47.7,71.0,8.9,47.2,49.2,5.8,False
66.6,89.2,31.1,50.7,72.2,55.8,11.5,88.4,85.8,False
78.4,43.8,52.4,32.5,22.5,10.5,20.8,78.5,18.8,57.7,70.3,0.7,72.6,87.6,12.4,1.5,69.7,47.3,27.1,38.1,False
5.9,31.4,82.5,31.4,27.4,78.5,18.4,10.6,5.6,87.2,7.8,15.6,19.7,18.3,65.4,36.3,30.5,False
60.4,78.2,58.7,30.3,38.1,43.5,65.8,16.6,33.6,False
70.6,76.2,54.2,61.3,47.6,17.3,72.5,12.3,60.0,1.1,85.2,False
2.3,67.9,13.2,60.6,62.4,75.1,52.9,69.3,False
55.3,39.2,22.2,56.8,50.0,10.4,65.6,83.3,38.9,55.6,10.8,False
70.3,30.0,19.5,33.0,36.5,58.1,2.4,35.8,53.0,66.4,29.3,29.9,False
75.8,80.8,17.1,67.6,71.1,80.7,53.7,54.4,1.1,15.3,37.0,False
4.4,87.6,6.8,6.9,19.1,21.0,35.5,74.3,67.3,22.1,False
83.7,27.6,25.8,17.0,50.4,33.4,74.2,79.0,9.8,82.3,18.5,False
19.6,48.4,15.6,57.8,64.9,47.1,80.6,69.1,14.6,72.5,1.0,32.1,60.6,85.6,28.9,33.8,False
83.8,45.7,61.0,53.7,43.0,23.4,40.0,45.2,63.7,3.2,20.9,17.0,26.4,False
39.6,76.0,23.3,77.3,48.5,3.4,53.2,60.6,27.1,False
43.0,23.1,11.1,26.5,83.8,46.5,54.9,4.5,40.3,33.6,16.1,36.6,47.6,10.5,66.7,24.9,65.6,12.5,False
43.8,59.6,52.1,78.3,45.4,False
46.2,37.2,8.2,70.4,30.3,82.1,23.1,18.5,74.3,10.6,19.8,12.2,13.4,51.5,False
38.4,16.4,66.7,82.9,11.0,3.0,28.4,12.7,False
23.6,27.8,40.7,59.4,73.3,17.1,False
34.9,55.8,65.1,37.6,9.2,46.6,24.1,9.9,41.5,83.0,18.0,63.3,89.9,46.9,12.7,52.2,51.1,74.1,5.4,False
75.4,85.5,34.4,48.4,17.7,24.4,87.8,46.8,2.5,41.4,53.8,35.3,False
19.7,74.9,46.5,38.4,13.8,8.0,81.8,82.3,56.8,41.3,18.0,75.0,55.1,12.9,53.7,False
65.7,79.6,75.4,67.8,64.1,5.5,False
21.4,16.7,19.8,74.8,48.9,67.4,7.4,0.1,29.2,72.8,6.2,70.1,False
56.2,13.7,37.2,66.1,13.6,50.8,18.5,44.2,16.3,63.4,52.7,11.5,34.0,35.9,26.8,51.8,False
57.5,83.1,14.2,35.4,25.0,21.6,84.0,23.2,32.9,14.9,49.4,41.1,78.9,2.2,48.9,32.8,81.7,False
51.9,42.3,9.3,54.2,13.2,77.0,85.3,5.0,43.3,57.2,63.3,14.8,False
70.7,38.3,50.8,15.2,13.2,55.9,26.6,31.1,82.2,43.3,False
70.8,35.8,59.2,3.0,27.5,61.2,3.8,68.7,42.3,81.3,64.9,9.5,False
3.3,69.8,27.2,40.2,20.0,68.4,26.8,50.0,18.0,73.5,68.8,2.7,28.0,77.1,35.6,False
55.1,13.5,59.8,89.1,56.5,73.4,67.4,17.8,82.2,67.6,72.2,53.3,84.6,62.5,40.2,5.7,False
81.7,11.8,33.4,28.7,76.4,11.1,13.8,16.4,82.9,52.8,False
80.4,0.3,89.5,74.1,58.2,1.8,77.3,67.7,5.0,10.4,2.6,20.0,2.3,9.3,False
42.4,86.2,63.6,55.5,45.5,33.3,63.0,64.0,36.4,65.2,2.2,38.2,68.7,False
46.0,72.7,63.7,20.6,15.0,False
81.9,68.2,88.1,85.2,82.8,75.3,62.5,0.7,18.4,False
81.9,31.0,19.4,28.4,58.8,17.6,42.9,27.3,7.2,19.0,17.4,26.3,53.1,8.9,56.0,53.6,8.5,65.3,49.0,False
29.0,89.5,77.4,71.9,56.1,64.3,88.1,68.5,62.8,False
60.8,62.3,45.6,47.3,73.3,61.2,18.7,40.3,33.6,28.4,29.8,36.3,13.3,86.1,10.0,False
15.0,79.2,29.1,29.1,66.8,87.3,41.7,80.6,50.1,82.5,43.7,37.5,62.3,84.5,False
64.4,54.6,37.1,48.2,45.2,70.8,5.7,25.6,False
34.8,58.3,31.6,20.6,88.1,82.7,76.1,81.4,61.9,0.6,49.2,8.9,39.3,33.6,83.5,63.6,20.5,55.0,87.3,80.8,False
71.3,68.0,39.1,8.8,55.4,71.7,66.3,37.8,False
74.7,9.3,53.5,34.4,84.3,8.5,55.6,21.0,82.6,57.4,6.3,52.4,65.7,61.7,False
10.6,25.1,21.0,43.6,74.7,24.6,15.8,8.5,34.9,67.2,53.6,False
82.5,11.8,32.7,11.0,9.8,43.6,7.0,15.9,39.8,45.5,4.8,39.4,75.0,8.0,89.6,62.5,29.9,74.4,55.2,7.786447969751105
6.3,3.8,88.3,30.2,50.7,22.6,False
30.3,58.9,0.8,18.6,57.3,30.6,18.3,63.1,9.2,49.9,46.3,86.6,8.7,58.6,False
85.5,55.2,20.3,71.6,58.7,66.7,25.0,43.3,68.7,50.5,11.9,48.0,73.9,False
13.6,2.4,50.4,77.3,80.5,66.8,47.0,39.0,26.8,37.6,8.7,56.6,34.9,80.4,12.6,73.6,77.9,46.4,False
50.6,8.3,33.1,9.9,69.1,54.0,76.5,5.2,15.5,22.2,58.2,False
72.7,34.4,74.4,85.6,47.4,86.0,9.2,18.3,81.9,88.7,46.4,28.3,72.7,False
2.0,31.7,34.7,30.7,85.1,62.6,55.6,10.9,23.2,70.4,70.6,82.6,71.3,23.3,4.0,61.5,10.647786212796378
16.8,58.7,82.4,26.0,22.2,50.6,84.8,55.3,77.6,68.6,False
45.2,51.9,51.9,4.8,27.2,6.2,51.9,44.7,60.6,False
27.1,85.6,79.7,61.8,11.1,4.0,15.0,54.8,14.7,76.0,14.2,20.4,57.2,29.6,59.6,80.4,36.8,69.9,False
39.9,65.5,7.5,84.0,27.5,55.8,61.3,18.4,65.7,55.3,65.1,61.4,49.3,0.9,46.7,79.8,63.2,False
54.3,11.0,46.5,69.7,0.4,False
82.6,13.8,24.8,84.8,22.3,35.2,36.8,59.4,72.1,63.6,20.7,9.3,19.6,1.5,52.2,5.9,False
75.7,39.3,89.6,39.7,14.6,55.0,19.4,10.5,39.9,86.5,77.8,72.6,False
24.7,60.2,65.1,34.7,1.3,13.7,31.0,66.6,86.2,30.5,18.5,5.6,79.4,75.8,70.2,False
60.2,61.6,40.4,48.3,61.2,60.9,30.4,0.9,23.1,68.0,48.9,False
74.2,72.4,38.8,49.0,76.9,False
38.8,50.5,34.3,75.0,0.2,38.5,65.0,False
79.5,8.8,71.0,34.0,25.3,69.2,39.3,63.2,69.8,24.8,37.4,24.2,87.7,53.8,29.8,64.2,False
23.3,54.9,25.7,82.4,13.7,81.7,59.5,False
66.1,36.9,19.6,3.0,75.3,61.4,1.9,73.4,False
71.4,21.5,19.9,79.2,42.7,69.7,56.0,11.0,2.6,14.0,11.6,52.7,15.6,75.1,20.7,60.1,63.4,66.9,73.7,39.2,False
65.8,17.2,11.5,15.3,49.2,32.2,19.6,60.2,84.6,53.5,35.4,40.8,89.7,72.5,8.2,44.2,22.4,False
75.2,59.7,71.4,11.0,67.7,47.8,56.1,50.4,51.9,89.0,32.9,11.8,84.5,18.2,34.2,17.1,5.6,False
8.4,63.8,83.5,37.5,36.4,False
8.1,50.5,66.2,11.8,16.0,2.5,12.4,15.8,41.0,86.2,88.6,69.6,False
54.7,39.6,53.7,49.3,88.9,70.3,20.6,27.2,72.8,59.0,17.2,6.6,72.6,66.9,3.9,35.8,48.6,77.2,37.7,23.2,False
2.9,17.1,71.6,44.2,34.4,49.4,76.5,17.1,60.8,88.3,10.672630761280889
